date	open	high	low	close	volume	market_cap
Dec 16, 2020	0.020996	0.021420	0.020403	0.021037	512,457	9,663,038
Dec 15, 2020	0.020575	0.021089	0.020168	0.020996	396,449	9,640,798
Dec 14, 2020	0.020616	0.021057	0.020292	0.020575	381,649	9,443,824
Dec 13, 2020	0.020423	0.021683	0.020334	0.020617	554,974	9,459,527
Dec 12, 2020	0.019770	0.020766	0.019602	0.020423	316,818	9,367,072
Dec 11, 2020	0.020676	0.020692	0.019523	0.019770	280,151	9,064,459
Dec 10, 2020	0.020962	0.020978	0.020029	0.020677	462,379	9,476,596
Dec 09, 2020	0.021360	0.021463	0.019819	0.020871	692,563	9,562,272
Dec 08, 2020	0.022766	0.022950	0.020908	0.021270	880,592	9,741,158
Dec 07, 2020	0.021758	0.023554	0.021485	0.022766	2,542,640	10,422,545
Dec 06, 2020	0.021757	0.022482	0.021207	0.021758	803,173	9,957,567
Dec 05, 2020	0.021125	0.021947	0.020754	0.021667	469,418	9,912,280
Dec 04, 2020	0.022152	0.023190	0.020627	0.021125	1,400,484	9,660,661
Dec 03, 2020	0.022991	0.024343	0.021654	0.022153	2,096,328	10,126,952
Dec 02, 2020	0.021146	0.023172	0.020705	0.022901	3,483,317	10,465,116
Dec 01, 2020	0.020177	0.021662	0.019757	0.021146	2,324,944	9,659,723
Nov 30, 2020	0.020270	0.020465	0.019430	0.020177	681,778	9,213,648
Nov 29, 2020	0.019715	0.021700	0.019713	0.020270	2,139,086	9,252,851
Nov 28, 2020	0.019631	0.019979	0.019352	0.019803	263,627	9,036,316
Nov 27, 2020	0.019969	0.020181	0.018914	0.019631	421,066	8,954,286
Nov 26, 2020	0.022134	0.022411	0.019334	0.019969	1,337,106	9,105,294
Nov 25, 2020	0.020435	0.022318	0.020062	0.022125	1,768,189	10,084,774
Nov 24, 2020	0.019925	0.020903	0.019592	0.020344	1,586,801	9,269,672
Nov 23, 2020	0.019909	0.020243	0.019443	0.019925	745,493	9,075,151
Nov 22, 2020	0.019997	0.020802	0.019192	0.019909	803,747	9,064,761
Nov 21, 2020	0.019817	0.020265	0.019278	0.019997	667,920	9,101,342
Nov 20, 2020	0.019278	0.021186	0.019110	0.019817	1,840,691	9,015,967
Nov 19, 2020	0.019689	0.019722	0.018973	0.019278	99,429.61	8,767,309
Nov 18, 2020	0.019616	0.020082	0.019174	0.019689	323,190	8,951,155
Nov 17, 2020	0.019962	0.020066	0.019350	0.019615	255,028	8,914,108
Nov 16, 2020	0.019850	0.019950	0.019363	0.019871	190,783	9,026,876
Nov 15, 2020	0.019843	0.020023	0.019481	0.019850	197,117	9,014,378
Nov 14, 2020	0.020654	0.020744	0.019483	0.019843	283,447	9,007,576
Nov 13, 2020	0.020538	0.021111	0.020177	0.020654	824,753	9,372,660
Nov 12, 2020	0.020136	0.022599	0.019693	0.020534	3,624,142	9,314,695
Nov 11, 2020	0.019588	0.020395	0.019180	0.020136	485,319	9,130,462
Nov 10, 2020	0.019462	0.019945	0.019122	0.019588	295,004	8,878,808
Nov 09, 2020	0.019869	0.019926	0.019034	0.019463	246,978	8,819,029
Nov 08, 2020	0.019337	0.019869	0.019161	0.019869	126,379	8,999,486
Nov 07, 2020	0.019960	0.020125	0.019071	0.019337	227,283	8,755,658
Nov 06, 2020	0.019086	0.019961	0.018866	0.019959	323,851	9,033,994
Nov 05, 2020	0.018470	0.019680	0.018060	0.019086	204,337	8,635,353
Nov 04, 2020	0.017942	0.018558	0.017400	0.018469	84,707.82	8,353,358
Nov 03, 2020	0.019055	0.019153	0.017604	0.017942	229,221	8,111,731
Nov 02, 2020	0.019274	0.019650	0.018793	0.019056	119,343	8,612,398
Nov 01, 2020	0.019444	0.019609	0.019083	0.019274	63,342.39	8,707,629
Oct 31, 2020	0.019462	0.019985	0.019116	0.019444	65,399.04	8,781,240
Oct 30, 2020	0.020427	0.020427	0.019125	0.019462	160,889	8,786,005
Oct 29, 2020	0.020433	0.020903	0.019832	0.020426	478,896	9,217,938
Oct 28, 2020	0.020173	0.020775	0.019408	0.020433	327,213	9,217,480
Oct 27, 2020	0.019594	0.020342	0.019292	0.020172	109,136	9,096,645
Oct 26, 2020	0.020025	0.020200	0.019328	0.019594	133,841	8,832,380
Oct 25, 2020	0.020468	0.020468	0.019848	0.020025	148,257	9,023,617
Oct 24, 2020	0.020467	0.020994	0.020114	0.020468	227,609	9,219,634
Oct 23, 2020	0.019912	0.021071	0.019590	0.020467	233,433	9,215,612
Oct 22, 2020	0.019859	0.020170	0.019633	0.019998	121,770	8,995,735
Oct 21, 2020	0.019215	0.020116	0.019162	0.019859	131,967	8,933,332
Oct 20, 2020	0.019898	0.019975	0.019125	0.019215	134,127	8,642,381
Oct 19, 2020	0.019927	0.020096	0.019575	0.019898	61,416.43	8,946,278
Oct 18, 2020	0.020018	0.020167	0.019669	0.019927	27,533.27	8,956,005
Oct 17, 2020	0.019956	0.020115	0.019693	0.019933	37,060.75	8,955,315
Oct 16, 2020	0.020338	0.020356	0.019289	0.019956	152,156	8,962,009
Oct 15, 2020	0.020661	0.021082	0.019688	0.020339	294,490	9,130,591
Oct 14, 2020	0.021325	0.021501	0.020207	0.020659	237,934	9,271,163
Oct 13, 2020	0.022115	0.022118	0.021043	0.021325	478,025	9,566,092
Oct 12, 2020	0.020896	0.022818	0.020876	0.022115	1,171,928	9,916,557
Oct 11, 2020	0.021683	0.021683	0.020808	0.020896	305,584	9,365,298
Oct 10, 2020	0.021862	0.022211	0.021161	0.021683	825,313	9,714,720
Oct 09, 2020	0.020582	0.025353	0.020236	0.021862	2,839,160	9,791,327
Oct 08, 2020	0.019000	0.022291	0.018553	0.020754	1,316,951	9,291,523
Oct 07, 2020	0.019314	0.019322	0.018246	0.019000	172,657	8,502,953
Oct 06, 2020	0.020210	0.020210	0.019056	0.019314	316,174	8,640,412
Oct 05, 2020	0.020345	0.020454	0.019757	0.020211	180,007	9,038,298
Oct 04, 2020	0.020314	0.020644	0.019525	0.020426	120,986	9,131,171
Oct 03, 2020	0.020146	0.020394	0.019545	0.020144	68,227.85	9,001,571
Oct 02, 2020	0.020290	0.020849	0.019505	0.019976	220,048	8,923,026
Oct 01, 2020	0.020601	0.020990	0.020103	0.020290	149,716	9,059,967
Sep 30, 2020	0.020875	0.021307	0.020324	0.020601	376,973	9,195,489
Sep 29, 2020	0.019789	0.021562	0.019736	0.020960	1,695,917	9,352,389
Sep 28, 2020	0.020473	0.020789	0.019754	0.019873	308,099	8,863,989
Sep 27, 2020	0.020426	0.020528	0.020184	0.020473	77.58	9,128,036
Sep 26, 2020	0.020316	0.020469	0.020268	0.020426	82.78	9,103,976
Sep 25, 2020	0.020552	0.020585	0.020100	0.020316	271.60	9,051,483
Sep 24, 2020	0.019673	0.020573	0.019644	0.020552	67.79	9,153,025
Sep 23, 2020	0.022099	0.022403	0.019580	0.019673	34.84	8,758,300
Sep 22, 2020	0.022913	0.024711	0.022261	0.023889	1,855,369	10,633,246
Sep 21, 2020	0.023082	0.024110	0.021245	0.023169	528,912	10,309,036
Sep 20, 2020	0.023171	0.023513	0.022229	0.023082	182,179	10,266,624
Sep 19, 2020	0.022660	0.024203	0.022660	0.023085	564,260	10,264,059
Sep 18, 2020	0.022729	0.023086	0.021664	0.022660	384,853	10,071,170
Sep 17, 2020	0.023214	0.024058	0.021738	0.022729	601,946	10,097,841
Sep 16, 2020	0.020668	0.024617	0.019981	0.023214	1,975,710	10,309,512
Sep 15, 2020	0.021743	0.021743	0.020079	0.020668	248,292	9,175,683
Sep 14, 2020	0.021625	0.021831	0.021039	0.021743	113,667	9,649,251
Sep 13, 2020	0.022558	0.022641	0.021039	0.021541	259,289	9,555,953
Sep 12, 2020	0.021544	0.022716	0.021544	0.022558	254,525	10,003,169
Sep 11, 2020	0.021788	0.022212	0.021278	0.021544	255,752	9,549,786
Sep 10, 2020	0.020844	0.022056	0.020707	0.021956	296,793	9,728,824
Sep 09, 2020	0.020420	0.021349	0.020014	0.020844	227,672	9,232,471
Sep 08, 2020	0.020706	0.020989	0.019593	0.020420	290,973	9,041,606
Sep 07, 2020	0.020966	0.021275	0.019282	0.020706	297,959	9,164,648
Sep 06, 2020	0.020880	0.021302	0.019789	0.020966	343,115	9,276,316
Sep 05, 2020	0.022396	0.022983	0.020374	0.020880	288,320	9,234,852
Sep 04, 2020	0.021657	0.023179	0.020997	0.022396	477,075	9,901,833
Sep 03, 2020	0.025034	0.025189	0.021575	0.021658	585,986	9,571,629
Sep 02, 2020	0.025982	0.026672	0.024094	0.025035	934,308	11,060,180
Sep 01, 2020	0.026939	0.027150	0.025893	0.025982	1,199,708	11,474,565
Aug 31, 2020	0.025749	0.028748	0.025463	0.026941	4,296,891	11,894,350
Aug 30, 2020	0.025664	0.025917	0.025496	0.025668	182,129	11,329,775
Aug 29, 2020	0.025575	0.025828	0.025407	0.025664	192,541	11,323,475
Aug 28, 2020	0.025257	0.025906	0.024946	0.025659	253,774	11,317,185
Aug 27, 2020	0.026663	0.026734	0.024756	0.025257	468,086	11,135,608
Aug 26, 2020	0.026178	0.026664	0.025834	0.026664	447,267	11,751,410
Aug 25, 2020	0.027164	0.027561	0.025723	0.026179	658,861	11,533,515
Aug 24, 2020	0.026587	0.027165	0.026216	0.027164	484,381	11,963,078
Aug 23, 2020	0.026587	0.026931	0.025834	0.026587	402,413	11,704,486
Aug 22, 2020	0.026337	0.026921	0.025582	0.026587	488,662	11,700,062
Aug 21, 2020	0.027661	0.027837	0.025833	0.026337	929,953	11,585,418
Aug 20, 2020	0.026898	0.027910	0.025939	0.027577	662,646	12,126,390
Aug 19, 2020	0.027787	0.028402	0.026335	0.026898	1,580,547	11,823,423
Aug 18, 2020	0.028376	0.029544	0.027026	0.027787	1,120,909	12,209,746
Aug 17, 2020	0.027978	0.028627	0.027558	0.028292	1,340,343	12,426,770
Aug 16, 2020	0.027380	0.028142	0.026872	0.027978	538,938	12,284,189
Aug 15, 2020	0.028051	0.028051	0.027124	0.027380	885,623	12,016,951
Aug 14, 2020	0.027758	0.028132	0.026661	0.028051	900,783	12,306,708
Aug 13, 2020	0.027124	0.028093	0.026337	0.027758	812,803	12,173,752
Aug 12, 2020	0.026897	0.027211	0.025622	0.027124	642,794	11,890,976
Aug 11, 2020	0.028071	0.029252	0.026315	0.026981	1,786,666	11,823,753
Aug 10, 2020	0.026984	0.028154	0.026111	0.028071	1,108,384	12,296,649
Aug 09, 2020	0.026223	0.027314	0.025891	0.026901	972,300	11,779,790
Aug 08, 2020	0.025304	0.026388	0.025140	0.026223	481,706	11,478,461
Aug 07, 2020	0.025655	0.025859	0.024711	0.025304	662,888	11,071,715
Aug 06, 2020	0.025546	0.025811	0.024986	0.025572	276,451	11,184,645
Aug 05, 2020	0.025306	0.025712	0.024808	0.025546	413,074	11,169,063
Aug 04, 2020	0.025814	0.026068	0.024483	0.025306	655,450	11,059,851
Aug 03, 2020	0.025115	0.025983	0.025013	0.025814	338,199	11,277,692
Aug 02, 2020	0.026956	0.027122	0.024281	0.025032	860,633	10,931,582
Aug 01, 2020	0.027039	0.027372	0.026202	0.026956	555,704	11,767,375
Jul 31, 2020	0.026391	0.027324	0.026000	0.027039	715,325	11,799,201
Jul 30, 2020	0.026863	0.027399	0.025033	0.026390	731,177	11,511,198
Jul 29, 2020	0.025105	0.027712	0.024660	0.026868	1,199,495	11,715,328
Jul 28, 2020	0.024084	0.025200	0.024055	0.025022	466,208	10,906,357
Jul 27, 2020	0.024881	0.024929	0.023821	0.024084	751,857	10,493,303
Jul 26, 2020	0.025374	0.025463	0.024382	0.024881	384,292	10,836,422
Jul 25, 2020	0.025295	0.025801	0.025205	0.025374	250,071	11,046,699
Jul 24, 2020	0.026050	0.026099	0.025008	0.025295	306,908	11,008,316
Jul 23, 2020	0.026382	0.027179	0.025584	0.026050	620,667	11,332,576
Jul 22, 2020	0.025716	0.026821	0.025536	0.026381	631,558	11,472,293
Jul 21, 2020	0.026140	0.026283	0.024654	0.025716	552,919	11,178,433
Jul 20, 2020	0.025251	0.026476	0.025063	0.026140	769,597	11,358,555
Jul 19, 2020	0.024583	0.025339	0.024340	0.025251	629,425	10,968,022
Jul 18, 2020	0.024169	0.024664	0.023595	0.024583	242,252	10,673,526
Jul 17, 2020	0.023810	0.024169	0.023371	0.024169	152,957	10,489,861
Jul 16, 2020	0.024300	0.024562	0.023112	0.023892	395,504	10,365,710
Jul 15, 2020	0.024152	0.024469	0.023941	0.024465	187,995	10,609,844
Jul 14, 2020	0.024585	0.024780	0.023808	0.024071	253,338	10,434,929
Jul 13, 2020	0.024739	0.024969	0.024414	0.024585	245,356	10,653,910
Jul 12, 2020	0.024985	0.025153	0.024488	0.024739	294,367	10,716,242
Jul 11, 2020	0.024983	0.025070	0.024573	0.024985	345,367	10,818,783
Jul 10, 2020	0.025063	0.025353	0.024245	0.024983	388,262	10,813,655
Jul 09, 2020	0.025406	0.025949	0.024239	0.025228	735,599	10,915,431
Jul 08, 2020	0.025064	0.025657	0.024589	0.025406	413,283	10,988,142
Jul 07, 2020	0.024748	0.025311	0.024153	0.025064	369,632	10,835,945
Jul 06, 2020	0.024423	0.024914	0.024218	0.024748	341,813	10,695,238
Jul 05, 2020	0.024670	0.024671	0.023844	0.024423	224,630	10,550,741
Jul 04, 2020	0.024424	0.024756	0.024008	0.024588	164,019	10,617,688
Jul 03, 2020	0.024520	0.024845	0.023929	0.024424	319,909	10,542,895
Jul 02, 2020	0.025795	0.025972	0.024180	0.024437	750,173	10,544,342
Jul 01, 2020	0.026673	0.027588	0.024853	0.025878	3,306,225	11,161,539
Jun 30, 2020	0.024090	0.026423	0.023110	0.026423	975,463	11,392,114
Jun 29, 2020	0.023423	0.024173	0.022900	0.024089	187,638	10,381,779
Jun 28, 2020	0.023428	0.023752	0.022188	0.023424	230,143	10,091,220
Jun 27, 2020	0.024588	0.024921	0.023263	0.023428	312,972	10,089,371
Jun 26, 2020	0.025028	0.025122	0.024098	0.024588	427,017	10,584,739
Jun 25, 2020	0.025450	0.025450	0.024038	0.025028	560,842	10,770,096
Jun 24, 2020	0.027140	0.027237	0.024706	0.025450	805,931	10,947,382
Jun 23, 2020	0.028202	0.028394	0.026972	0.027058	440,357	11,634,352
Jun 22, 2020	0.027138	0.028202	0.026921	0.028119	564,743	12,086,065
Jun 21, 2020	0.027223	0.027635	0.026732	0.027138	485,663	11,659,959
Jun 20, 2020	0.027142	0.027636	0.026564	0.027220	666,195	11,690,353
Jun 19, 2020	0.025725	0.027872	0.024174	0.027142	1,891,635	11,652,452
Jun 18, 2020	0.025088	0.026222	0.024738	0.025725	629,274	11,039,511
Jun 17, 2020	0.024751	0.025278	0.024122	0.025088	508,093	10,762,188
Jun 16, 2020	0.024242	0.025641	0.024021	0.024751	611,579	10,613,500
Jun 15, 2020	0.025255	0.025395	0.022207	0.024257	1,135,771	10,397,445
Jun 14, 2020	0.026071	0.026313	0.024755	0.025255	535,540	10,820,863
Jun 13, 2020	0.025334	0.026073	0.025087	0.026071	453,408	11,166,284
Jun 12, 2020	0.024221	0.025799	0.023854	0.025334	775,144	10,846,375
Jun 11, 2020	0.028461	0.028582	0.023728	0.024221	1,003,059	10,365,698
Jun 10, 2020	0.028203	0.028675	0.027741	0.028463	460,158	12,176,232
Jun 09, 2020	0.029099	0.029345	0.027549	0.028203	827,475	12,060,323
Jun 08, 2020	0.029947	0.030120	0.028856	0.029349	630,846	12,545,377
Jun 07, 2020	0.028470	0.031124	0.028224	0.029947	3,715,027	12,795,727
Jun 06, 2020	0.027427	0.030584	0.027015	0.028470	2,738,305	12,159,775
Jun 05, 2020	0.027706	0.029835	0.026280	0.027427	2,613,381	11,709,920
Jun 04, 2020	0.025410	0.027786	0.024976	0.027706	2,342,844	11,824,227
Jun 03, 2020	0.023927	0.025573	0.023401	0.025409	885,360	10,839,829
Jun 02, 2020	0.024448	0.024877	0.022757	0.023927	846,984	10,203,415
Jun 01, 2020	0.023151	0.024524	0.023122	0.024367	502,030	10,386,803
May 31, 2020	0.023546	0.024114	0.022912	0.023151	552,640	9,864,651
May 30, 2020	0.023381	0.023787	0.022977	0.023546	373,869	10,028,862
May 29, 2020	0.023586	0.023586	0.022549	0.023301	502,169	9,920,576
May 28, 2020	0.024060	0.024238	0.022511	0.023586	771,581	10,038,064
May 27, 2020	0.025915	0.025915	0.022882	0.024060	901,838	10,235,902
May 26, 2020	0.023614	0.026187	0.023368	0.025915	3,437,123	11,020,400
May 25, 2020	0.021683	0.023854	0.021281	0.023614	2,454,122	10,038,351
May 24, 2020	0.021763	0.022648	0.021280	0.021683	885,021	9,213,573
May 23, 2020	0.022487	0.022889	0.021281	0.021763	517,895	9,244,059
May 22, 2020	0.021645	0.022487	0.020766	0.022487	850,660	9,547,698
May 21, 2020	0.022237	0.022260	0.020431	0.021645	1,154,146	9,186,732
May 20, 2020	0.022687	0.022922	0.021218	0.022237	1,928,464	9,434,082
May 19, 2020	0.021140	0.027556	0.021032	0.022687	6,761,937	9,621,498
May 18, 2020	0.019869	0.021303	0.019796	0.021140	860,678	8,961,813
May 17, 2020	0.019783	0.020110	0.019543	0.019869	165,131	8,419,745
May 16, 2020	0.019609	0.020084	0.019290	0.019783	135,482	8,379,872
May 15, 2020	0.020191	0.020203	0.019353	0.019609	192,072	8,303,038
May 14, 2020	0.019862	0.020337	0.019477	0.020192	210,427	8,546,169
May 13, 2020	0.019635	0.020101	0.019425	0.019862	142,949	8,403,169
May 12, 2020	0.019288	0.019920	0.018815	0.019635	156,433	8,303,923
May 11, 2020	0.019839	0.020352	0.018460	0.019288	344,201	8,154,183
May 10, 2020	0.021721	0.021721	0.019108	0.019839	670,168	8,383,662
May 09, 2020	0.021803	0.022049	0.021149	0.021721	409,311	9,175,153
May 08, 2020	0.021465	0.022049	0.020961	0.021803	419,742	9,206,415
May 07, 2020	0.020981	0.021468	0.020837	0.021465	413,888	9,059,873
May 06, 2020	0.021274	0.021481	0.020698	0.020981	336,415	8,852,114
May 05, 2020	0.021250	0.021460	0.020867	0.021192	235,117	8,937,718
May 04, 2020	0.021942	0.021942	0.020119	0.021250	599,810	8,958,307
May 03, 2020	0.022592	0.022919	0.021456	0.021942	556,321	9,246,522
May 02, 2020	0.022282	0.023099	0.021633	0.022511	763,206	9,482,298
May 01, 2020	0.020922	0.022615	0.020922	0.022282	913,643	9,382,149
Apr 30, 2020	0.021461	0.023288	0.020714	0.020922	1,410,195	8,806,075
Apr 29, 2020	0.020713	0.021553	0.020600	0.021461	389,229	9,029,382
Apr 28, 2020	0.020869	0.020875	0.020187	0.020713	142,021	8,710,984
Apr 27, 2020	0.020886	0.021027	0.020257	0.020869	388,949	8,772,923
Apr 26, 2020	0.020558	0.020966	0.020317	0.020886	244,918	8,776,705
Apr 25, 2020	0.020149	0.020637	0.019989	0.020558	243,915	8,635,511
Apr 24, 2020	0.019898	0.020239	0.019543	0.020149	230,051	8,460,275
Apr 23, 2020	0.019654	0.020054	0.019285	0.019910	277,168	8,356,346
Apr 22, 2020	0.019159	0.019823	0.018764	0.019654	176,677	8,245,447
Apr 21, 2020	0.020011	0.020082	0.018502	0.019159	336,043	8,034,798
Apr 20, 2020	0.020885	0.021134	0.019686	0.019988	451,464	8,379,145
Apr 19, 2020	0.021136	0.021305	0.020478	0.020885	245,348	8,751,492
Apr 18, 2020	0.020559	0.021460	0.020559	0.021216	250,442	8,886,694
Apr 17, 2020	0.020863	0.021037	0.020294	0.020559	217,601	8,607,674
Apr 16, 2020	0.020907	0.021100	0.019473	0.021023	605,675	8,798,499
Apr 15, 2020	0.021935	0.022171	0.020925	0.020925	319,021	8,754,039
Apr 14, 2020	0.021975	0.022410	0.021345	0.022017	519,809	9,207,073
Apr 13, 2020	0.022686	0.022768	0.021269	0.021975	562,891	9,185,694
Apr 12, 2020	0.022767	0.023259	0.022437	0.022768	363,398	9,510,459
Apr 11, 2020	0.021778	0.023261	0.021696	0.022767	904,050	9,502,583
Apr 10, 2020	0.023458	0.023685	0.021283	0.021778	721,243	9,082,369
Apr 09, 2020	0.023276	0.023703	0.022644	0.023541	604,363	9,809,309
Apr 08, 2020	0.021398	0.023657	0.021311	0.023276	1,453,155	9,690,952
Apr 07, 2020	0.021649	0.022217	0.021141	0.021398	630,783	8,901,949
Apr 06, 2020	0.020455	0.021730	0.020276	0.021648	441,973	8,998,402
Apr 05, 2020	0.020532	0.020705	0.020208	0.020531	220,896	8,527,165
Apr 04, 2020	0.020859	0.020946	0.020141	0.020611	254,816	8,553,322
Apr 03, 2020	0.021255	0.021460	0.020334	0.020860	404,808	8,650,042
Apr 02, 2020	0.021180	0.021479	0.020367	0.021100	252,748	8,742,561
Apr 01, 2020	0.021715	0.021883	0.019987	0.021250	418,497	8,797,468
Mar 31, 2020	0.021728	0.022294	0.020497	0.021715	765,285	8,982,663
Mar 30, 2020	0.019873	0.021725	0.019820	0.021565	1,146,266	8,913,362
Mar 29, 2020	0.020943	0.021108	0.019789	0.019791	444,678	8,173,538
Mar 28, 2020	0.022174	0.022174	0.020121	0.020861	641,332	8,608,241
Mar 27, 2020	0.023325	0.023325	0.021929	0.022174	537,667	9,142,603
Mar 26, 2020	0.022396	0.023457	0.021418	0.023407	1,371,545	9,643,219
Mar 25, 2020	0.022673	0.022673	0.021487	0.022396	436,134	9,218,933
Mar 24, 2020	0.022274	0.022986	0.020743	0.022829	802,104	9,389,579
Mar 23, 2020	0.021517	0.022630	0.019665	0.022223	965,367	9,132,737
Mar 22, 2020	0.024143	0.024538	0.021280	0.021517	736,250	8,835,249
Mar 21, 2020	0.024140	0.024777	0.022548	0.024143	1,147,294	9,905,382
Mar 20, 2020	0.024249	0.026224	0.023106	0.024140	2,143,304	9,895,932
Mar 19, 2020	0.022602	0.025040	0.021235	0.024249	2,311,736	9,932,224
Mar 18, 2020	0.024099	0.024909	0.020621	0.022602	1,642,014	9,250,014
Mar 17, 2020	0.020999	0.026640	0.020999	0.024046	6,187,500	9,833,076
Mar 16, 2020	0.024082	0.024656	0.017752	0.020999	1,198,679	8,580,119
Mar 15, 2020	0.022601	0.026471	0.021615	0.024082	1,099,542	9,831,774
Mar 14, 2020	0.019707	0.023095	0.018154	0.022601	2,256,874	9,219,657
Mar 13, 2020	0.017595	0.020961	0.013871	0.019707	1,324,896	8,032,221
Mar 12, 2020	0.029175	0.029216	0.017357	0.017595	385,056	7,165,644
Mar 11, 2020	0.032828	0.033829	0.026840	0.029411	497,544	11,967,743
Mar 10, 2020	0.032776	0.034068	0.031680	0.032828	208,475	13,347,298
Mar 09, 2020	0.032392	0.035411	0.029851	0.032456	306,752	13,185,425
Mar 08, 2020	0.036428	0.036922	0.031285	0.032392	298,620	13,148,703
Mar 07, 2020	0.038952	0.038953	0.035920	0.036428	456,905	14,774,982
Mar 06, 2020	0.046505	0.046648	0.038871	0.038871	1,162,866	15,752,765
Mar 05, 2020	0.047725	0.050051	0.045344	0.046505	1,654,459	18,831,301
Mar 04, 2020	0.043799	0.048059	0.040536	0.047725	1,970,518	19,309,595
Mar 03, 2020	0.042807	0.045681	0.041627	0.043799	1,488,062	17,706,477
Mar 02, 2020	0.040278	0.044755	0.037939	0.042982	3,294,497	17,361,613
Mar 01, 2020	0.046127	0.050538	0.039865	0.040278	4,447,729	16,255,844
Feb 29, 2020	0.035956	0.059430	0.034939	0.046127	17,219,571	18,601,055
Feb 28, 2020	0.032768	0.038649	0.031027	0.035956	1,140,180	14,487,442
Feb 27, 2020	0.029624	0.034430	0.027371	0.032768	501,151	13,192,069
Feb 26, 2020	0.032043	0.032960	0.028176	0.029625	323,884	11,916,735
Feb 25, 2020	0.035786	0.036653	0.031676	0.032044	331,743	12,879,278
Feb 24, 2020	0.038360	0.038519	0.033633	0.035787	212,552	14,371,863
Feb 23, 2020	0.035618	0.040364	0.035612	0.038360	426,250	15,393,809
Feb 22, 2020	0.038258	0.038335	0.034008	0.035618	168,995	14,283,281
Feb 21, 2020	0.041916	0.043576	0.036556	0.038255	536,976	15,327,897
Feb 20, 2020	0.045801	0.046082	0.040222	0.041916	657,446	16,781,298
Feb 19, 2020	0.051890	0.051927	0.044637	0.045801	835,935	18,321,206
Feb 18, 2020	0.051983	0.054892	0.048024	0.051916	1,791,794	20,750,570
Feb 17, 2020	0.046645	0.055570	0.041966	0.052320	8,797,432	20,894,417
Feb 16, 2020	0.044703	0.049718	0.041671	0.046645	2,776,784	18,612,857
Feb 15, 2020	0.047182	0.050022	0.043455	0.044703	2,172,191	17,823,275
Feb 14, 2020	0.050963	0.053607	0.044295	0.047182	3,255,407	18,795,853
Feb 13, 2020	0.061355	0.081287	0.046441	0.050812	22,039,013	20,225,261
Feb 12, 2020	0.037265	0.078795	0.036536	0.061355	34,434,733	24,401,717
Feb 11, 2020	0.033719	0.038453	0.033502	0.037265	2,341,439	14,808,655
Feb 10, 2020	0.032528	0.033881	0.031473	0.033721	250,521	13,389,119
Feb 09, 2020	0.033571	0.033571	0.031213	0.032527	196,533	12,904,374
Feb 08, 2020	0.035839	0.035839	0.032544	0.033571	369,399	13,307,389
Feb 07, 2020	0.036441	0.036468	0.034834	0.035839	407,823	14,194,614
Feb 06, 2020	0.034729	0.038480	0.034718	0.036205	2,388,853	14,327,435
Feb 05, 2020	0.034773	0.036795	0.032279	0.034729	1,301,895	13,731,705
Feb 04, 2020	0.032739	0.035278	0.031945	0.034773	1,288,636	13,737,436
Feb 03, 2020	0.031679	0.032739	0.031213	0.032739	330,093	12,923,245
Feb 02, 2020	0.030969	0.032017	0.030550	0.031679	215,490	12,494,627
Feb 01, 2020	0.030501	0.031358	0.029461	0.030960	252,809	12,200,968
Jan 31, 2020	0.031814	0.032242	0.029707	0.030464	331,086	11,995,409
Jan 30, 2020	0.030060	0.032477	0.029117	0.031814	564,888	12,516,772
Jan 29, 2020	0.030243	0.030772	0.029689	0.030060	259,776	11,817,006
Jan 28, 2020	0.027752	0.030413	0.026948	0.030243	594,684	11,879,073
Jan 27, 2020	0.028902	0.029469	0.027097	0.027753	294,252	10,891,844
Jan 26, 2020	0.028768	0.029267	0.027600	0.028901	157,737	11,332,878
Jan 25, 2020	0.030175	0.030354	0.028273	0.028273	117,847	11,077,386
Jan 24, 2020	0.030453	0.030706	0.028772	0.030420	192,254	11,908,453
Jan 23, 2020	0.029936	0.033040	0.028343	0.030453	1,076,355	11,911,113
Jan 22, 2020	0.028646	0.030277	0.028273	0.029932	779,714	11,697,467
Jan 21, 2020	0.025729	0.030394	0.025373	0.028646	1,181,592	11,185,479
Jan 20, 2020	0.026553	0.027470	0.024753	0.025730	189,141	10,038,482
Jan 19, 2020	0.027937	0.028556	0.025991	0.026553	216,330	10,350,906
Jan 18, 2020	0.028924	0.029026	0.027354	0.027937	183,323	10,881,154
Jan 17, 2020	0.029444	0.031105	0.027930	0.028924	1,022,574	11,255,833
Jan 16, 2020	0.028773	0.030335	0.026800	0.029444	781,483	11,448,575
Jan 15, 2020	0.024797	0.033994	0.024619	0.028793	2,737,144	11,185,828
Jan 14, 2020	0.022991	0.027333	0.022838	0.024519	744,988	9,517,229
Jan 13, 2020	0.026071	0.026071	0.022991	0.022991	46,549.61	8,916,341
Jan 12, 2020	0.023005	0.026067	0.022435	0.026064	40,708.41	10,099,875
Jan 11, 2020	0.022685	0.023243	0.022471	0.023006	31,429.36	8,906,945
Jan 10, 2020	0.023139	0.023509	0.022254	0.022604	28,492.40	8,744,130
Jan 09, 2020	0.023329	0.023537	0.022668	0.023138	33,751.51	8,943,053
Jan 08, 2020	0.023741	0.023741	0.022969	0.023175	46,367.95	8,949,481
Jan 07, 2020	0.023544	0.023993	0.023132	0.023741	73,341.05	9,160,098
Jan 06, 2020	0.023080	0.023981	0.022754	0.023544	217,558	9,076,473
Jan 05, 2020	0.022751	0.023524	0.022495	0.023080	88,386.92	8,889,913
Jan 04, 2020	0.022584	0.022943	0.022435	0.022751	48,497.38	8,756,003
Jan 03, 2020	0.022498	0.022837	0.021916	0.022586	37,541.97	8,684,816
Jan 02, 2020	0.022284	0.022681	0.022196	0.022497	50,403.93	8,643,559
Jan 01, 2020	0.023273	0.023429	0.021800	0.022284	11,002.96	8,554,447
Dec 31, 2019	0.023378	0.023574	0.022870	0.023273	38,468.27	8,926,548
Dec 30, 2019	0.023920	0.023920	0.023233	0.023378	32,195.36	8,959,123
Dec 29, 2019	0.023479	0.024119	0.023187	0.023920	78,038.30	9,158,980
Dec 28, 2019	0.023999	0.024078	0.022957	0.023478	25,508.84	8,982,194
Dec 27, 2019	0.023952	0.024503	0.023401	0.023998	77,719.70	9,173,278
Dec 26, 2019	0.024368	0.024908	0.023623	0.023952	45,104.19	9,147,733
Dec 25, 2019	0.024398	0.024893	0.024000	0.024368	26,187.48	9,298,344
Dec 24, 2019	0.024649	0.025300	0.024017	0.024398	68,983.07	9,302,134
Dec 23, 2019	0.025156	0.025414	0.024201	0.024649	66,809.57	9,389,495
Dec 22, 2019	0.024277	0.026360	0.024275	0.025156	209,186	9,574,440
Dec 21, 2019	0.024665	0.025153	0.023897	0.024277	56,949.98	9,231,740
Dec 20, 2019	0.022614	0.024917	0.022046	0.024665	272,863	9,371,301
Dec 19, 2019	0.023530	0.024240	0.022237	0.022614	62,700.01	8,584,554
Dec 18, 2019	0.022609	0.023932	0.021473	0.023530	107,864	8,924,632
Dec 17, 2019	0.024419	0.024419	0.022504	0.022609	121,931	8,567,741
Dec 16, 2019	0.024691	0.025668	0.023871	0.024419	119,752	9,245,705
Dec 15, 2019	0.025751	0.026233	0.024393	0.024691	87,427.86	9,340,893
Dec 14, 2019	0.028447	0.028693	0.025028	0.025751	173,417	9,733,248
Dec 13, 2019	0.025292	0.029651	0.024809	0.028443	842,369	10,741,754
Dec 12, 2019	0.024742	0.025711	0.023794	0.025397	176,118	9,582,839
Dec 11, 2019	0.026435	0.026435	0.024035	0.025017	65,969.68	9,431,451
Dec 10, 2019	0.027280	0.027419	0.025074	0.026435	149,843	9,957,415
Dec 09, 2019	0.029101	0.029306	0.026987	0.027320	106,455	10,281,605
Dec 08, 2019	0.028170	0.029975	0.027737	0.029101	336,039	10,942,184
Dec 07, 2019	0.028009	0.028345	0.027020	0.028170	132,065	10,582,806
Dec 06, 2019	0.027768	0.028319	0.026902	0.028008	131,423	10,512,760
Dec 05, 2019	0.030292	0.030292	0.027307	0.027707	225,196	10,390,780
Dec 04, 2019	0.031508	0.032194	0.029017	0.030274	290,997	11,343,317
Dec 03, 2019	0.031541	0.032171	0.029656	0.031532	166,747	11,804,078
Dec 02, 2019	0.034464	0.034542	0.031452	0.031541	142,924	11,797,303
Dec 01, 2019	0.032907	0.036345	0.031765	0.034465	520,901	12,879,510
Nov 30, 2019	0.033946	0.034108	0.031292	0.032741	264,885	12,224,295
Nov 29, 2019	0.038381	0.038786	0.033282	0.033946	814,077	12,662,914
Nov 28, 2019	0.035199	0.039423	0.033958	0.038382	1,692,767	14,305,086
Nov 27, 2019	0.027519	0.035448	0.025941	0.034862	2,491,703	12,981,901
Nov 26, 2019	0.026689	0.028215	0.025969	0.027679	254,015	10,298,292
Nov 25, 2019	0.027623	0.027690	0.024147	0.026944	307,769	10,016,109
Nov 24, 2019	0.029374	0.029493	0.027134	0.027623	102,123	10,259,496
Nov 23, 2019	0.029343	0.029979	0.028178	0.029330	74,480.75	10,884,066
Nov 22, 2019	0.031210	0.032046	0.028061	0.029350	388,400	10,881,855
Nov 21, 2019	0.033562	0.033783	0.030596	0.031210	223,423	11,561,229
Nov 20, 2019	0.033968	0.034627	0.032633	0.033562	252,528	12,421,408
Nov 19, 2019	0.035250	0.036160	0.032756	0.033968	376,294	12,560,612
Nov 18, 2019	0.036774	0.037887	0.035146	0.035242	749,543	13,020,058
Nov 17, 2019	0.036249	0.037182	0.036070	0.036774	348,036	13,574,122
Nov 16, 2019	0.036643	0.036808	0.035394	0.036249	147,639	13,367,926
Nov 15, 2019	0.036097	0.037593	0.035105	0.036637	522,199	13,498,967
Nov 14, 2019	0.035763	0.037289	0.034413	0.036171	370,480	13,314,947
Nov 13, 2019	0.035776	0.035928	0.034802	0.035698	115,495	13,129,178
Nov 12, 2019	0.036215	0.036744	0.035043	0.036097	335,692	13,263,617
Nov 11, 2019	0.037815	0.038061	0.035396	0.036219	258,259	13,296,369
Nov 10, 2019	0.036226	0.038411	0.035741	0.038063	549,871	13,960,844
Nov 09, 2019	0.036057	0.036825	0.035469	0.036362	105,161	13,324,729
Nov 08, 2019	0.038313	0.038421	0.035050	0.036058	234,451	13,201,371
Nov 07, 2019	0.038531	0.038953	0.036631	0.038312	336,689	14,014,412
Nov 06, 2019	0.039340	0.039848	0.038345	0.038564	530,747	14,093,808
Nov 05, 2019	0.040648	0.040728	0.038642	0.039489	473,284	14,418,650
Nov 04, 2019	0.040931	0.041571	0.040011	0.040648	1,019,437	14,828,368
Nov 03, 2019	0.040513	0.042232	0.039054	0.040938	1,705,329	14,920,738
Nov 02, 2019	0.039081	0.041525	0.038581	0.040506	1,711,741	14,750,077
Nov 01, 2019	0.038681	0.039793	0.037329	0.039081	955,070	14,218,394
Oct 31, 2019	0.036858	0.038956	0.036429	0.038665	667,325	14,054,433
Oct 30, 2019	0.038599	0.038695	0.036161	0.036873	293,930	13,391,266
Oct 29, 2019	0.038860	0.040367	0.037831	0.038707	471,339	14,044,753
Oct 28, 2019	0.037832	0.041139	0.036548	0.038864	1,494,286	14,089,365
Oct 27, 2019	0.036095	0.038906	0.035046	0.037846	666,463	13,707,942
Oct 26, 2019	0.035533	0.037443	0.033885	0.036095	578,213	13,061,823
Oct 25, 2019	0.033840	0.036100	0.032678	0.035493	385,653	12,832,025
Oct 24, 2019	0.031936	0.033948	0.030948	0.033840	254,748	12,223,121
Oct 23, 2019	0.035138	0.035151	0.031395	0.031984	279,689	11,542,347
Oct 22, 2019	0.035795	0.035997	0.034825	0.035117	134,789	12,661,831
Oct 21, 2019	0.036490	0.036741	0.035337	0.035650	130,729	12,841,880
Oct 20, 2019	0.036054	0.037085	0.035653	0.036490	90,221.88	13,132,435
Oct 19, 2019	0.037062	0.037225	0.035576	0.036116	128,491	12,985,912
Oct 18, 2019	0.037271	0.038077	0.036256	0.036963	86,860.77	13,278,129
Oct 17, 2019	0.036954	0.037735	0.036369	0.037271	96,942.69	13,376,304
Oct 16, 2019	0.037698	0.037939	0.036569	0.036961	110,450	13,252,687
Oct 15, 2019	0.038864	0.039199	0.037227	0.037766	133,897	13,529,187
Oct 14, 2019	0.039380	0.040275	0.038310	0.038841	160,564	13,901,694
Oct 13, 2019	0.038790	0.040808	0.038015	0.039380	256,658	14,081,760
Oct 12, 2019	0.039222	0.039893	0.037973	0.038713	102,080	13,831,471
Oct 11, 2019	0.040630	0.040899	0.038519	0.039227	145,132	14,002,029
Oct 10, 2019	0.041135	0.041546	0.039512	0.040601	208,133	14,479,045
Oct 09, 2019	0.040666	0.041172	0.039610	0.041152	276,698	14,661,977
Oct 08, 2019	0.040667	0.041501	0.039886	0.040666	257,105	14,475,645
Oct 07, 2019	0.041395	0.041970	0.038793	0.040678	333,014	14,466,643
Oct 06, 2019	0.042875	0.044478	0.040503	0.041405	429,165	14,711,465
Oct 05, 2019	0.042276	0.043140	0.041209	0.042810	241,119	15,196,791
Oct 04, 2019	0.041590	0.042276	0.040481	0.042276	298,577	14,993,117
Oct 03, 2019	0.041487	0.042476	0.040311	0.041613	405,087	14,744,514
Oct 02, 2019	0.041879	0.043977	0.040363	0.041483	713,385	14,684,921
Oct 01, 2019	0.041121	0.045654	0.040673	0.041879	1,202,146	14,811,178
Sep 30, 2019	0.038896	0.041218	0.037956	0.041218	738,538	14,563,826
Sep 29, 2019	0.038563	0.040113	0.037640	0.038896	309,438	13,730,579
Sep 28, 2019	0.037513	0.038656	0.036851	0.038552	201,437	13,596,921
Sep 27, 2019	0.037848	0.038574	0.035325	0.037487	343,445	13,209,006
Sep 26, 2019	0.037960	0.040413	0.035151	0.037836	604,462	13,319,367
Sep 25, 2019	0.035168	0.039308	0.033008	0.037960	638,216	13,350,571
Sep 24, 2019	0.041091	0.043908	0.034940	0.035111	308,842	12,336,976
Sep 23, 2019	0.044965	0.045044	0.040665	0.041141	276,965	14,442,130
Sep 22, 2019	0.045876	0.045912	0.044247	0.044916	111,178	15,752,666
Sep 21, 2019	0.045846	0.046532	0.044703	0.045877	469,287	16,074,355
Sep 20, 2019	0.046825	0.047148	0.044943	0.045886	285,151	16,062,274
Sep 19, 2019	0.048297	0.048451	0.045735	0.046721	255,249	16,338,992
Sep 18, 2019	0.047260	0.049387	0.046224	0.048294	552,714	16,873,204
Sep 17, 2019	0.049808	0.050060	0.045562	0.047115	541,885	16,445,544
Sep 16, 2019	0.050493	0.052265	0.048639	0.049818	1,688,621	17,372,685
Sep 15, 2019	0.051557	0.051710	0.049112	0.050535	249,663	17,605,647
Sep 14, 2019	0.051637	0.053585	0.048640	0.051559	197,019	17,945,460
Sep 13, 2019	0.052835	0.053392	0.051114	0.051640	221,229	17,956,375
Sep 12, 2019	0.050628	0.056165	0.050628	0.052835	706,238	18,354,225
Sep 11, 2019	0.052716	0.052841	0.048901	0.050657	449,484	17,580,660
Sep 10, 2019	0.054061	0.054322	0.051895	0.052716	411,236	18,277,629
Sep 09, 2019	0.057126	0.057267	0.052355	0.053783	900,162	18,629,626
Sep 08, 2019	0.057856	0.058938	0.056665	0.057126	2,787,642	19,768,728
Sep 07, 2019	0.055565	0.058392	0.055565	0.057763	1,658,937	19,969,923
Sep 06, 2019	0.058449	0.058529	0.055480	0.055646	685,072	19,219,625
Sep 05, 2019	0.061427	0.061427	0.057440	0.058449	1,225,680	20,168,300
Sep 04, 2019	0.056724	0.061427	0.056608	0.061427	7,423,749	21,175,661
Sep 03, 2019	0.056511	0.057362	0.054965	0.056639	757,859	19,506,463
Sep 02, 2019	0.057990	0.058735	0.054782	0.056550	944,175	19,457,425
Sep 01, 2019	0.059360	0.060150	0.056655	0.057972	768,641	19,928,168
Aug 31, 2019	0.059851	0.061179	0.058738	0.059398	1,222,193	20,399,281
Aug 30, 2019	0.057723	0.061269	0.057723	0.059850	2,993,037	20,535,214
Aug 29, 2019	0.061130	0.062096	0.055294	0.057723	7,898,095	19,786,562
Aug 28, 2019	0.064305	0.069621	0.060091	0.060895	14,583,144	20,854,640
Aug 27, 2019	0.057626	0.065499	0.056247	0.065499	2,434,538	22,410,346
Aug 26, 2019	0.063675	0.064191	0.055537	0.057601	1,866,353	19,689,897
Aug 25, 2019	0.069134	0.077342	0.060836	0.063760	18,411,946	21,774,994
Aug 24, 2019	0.074392	0.083160	0.066583	0.069134	10,381,071	23,587,495
Aug 23, 2019	0.054280	0.077993	0.050288	0.074389	20,208,889	25,356,711
Aug 22, 2019	0.039677	0.066322	0.037487	0.054280	3,426,084	18,484,621
Aug 21, 2019	0.041718	0.041974	0.037618	0.039623	332,744	13,480,653
Aug 20, 2019	0.039561	0.042444	0.038780	0.042060	240,113	14,295,989
Aug 19, 2019	0.038290	0.040501	0.038014	0.039561	255,139	13,433,869
Aug 18, 2019	0.038807	0.039736	0.037364	0.038282	245,359	12,987,556
Aug 17, 2019	0.038926	0.039868	0.037611	0.038767	163,077	13,139,414
Aug 16, 2019	0.040115	0.040936	0.037784	0.039004	197,138	13,207,232
Aug 15, 2019	0.041891	0.043375	0.037358	0.040037	398,331	13,544,325
Aug 14, 2019	0.048489	0.048734	0.041579	0.041891	379,486	14,158,131
Aug 13, 2019	0.049363	0.050378	0.047034	0.048500	362,446	16,376,608
Aug 12, 2019	0.050568	0.051462	0.048701	0.049736	328,801	16,779,527
Aug 11, 2019	0.047878	0.051182	0.047828	0.050611	263,068	17,058,499
Aug 10, 2019	0.049200	0.050355	0.047129	0.047956	339,764	16,147,732
Aug 09, 2019	0.056738	0.057111	0.048914	0.049200	409,812	16,549,840
Aug 08, 2019	0.057975	0.059557	0.054126	0.056789	528,196	19,083,393
Aug 07, 2019	0.057915	0.059536	0.056111	0.057975	562,932	19,462,236
Aug 06, 2019	0.060392	0.060701	0.056443	0.057944	485,021	19,432,158
Aug 05, 2019	0.063146	0.063845	0.058438	0.060309	598,140	20,204,712
Aug 04, 2019	0.063857	0.064079	0.061626	0.063047	329,562	21,100,584
Aug 03, 2019	0.064803	0.065789	0.062183	0.063281	345,488	21,157,393
Aug 02, 2019	0.064152	0.066073	0.062168	0.064806	627,525	21,645,139
Aug 01, 2019	0.065023	0.067422	0.063543	0.064094	542,821	21,385,648
Jul 31, 2019	0.061762	0.066319	0.061496	0.064886	554,662	21,627,789
Jul 30, 2019	0.061155	0.063109	0.059797	0.061738	726,391	20,557,597
Jul 29, 2019	0.059331	0.064474	0.058897	0.061196	1,494,988	20,356,840
Jul 28, 2019	0.060154	0.060975	0.057587	0.059028	472,663	19,615,778
Jul 27, 2019	0.064407	0.067154	0.059485	0.060154	680,565	19,969,393
Jul 26, 2019	0.066339	0.066661	0.063063	0.064407	578,537	21,358,900
Jul 25, 2019	0.071937	0.072664	0.065294	0.066392	677,160	21,994,853
Jul 24, 2019	0.077596	0.077879	0.063605	0.071879	1,121,820	23,788,201
Jul 23, 2019	0.075264	0.079250	0.070251	0.077596	1,206,394	25,653,510
Jul 22, 2019	0.072612	0.075759	0.071169	0.075190	1,562,110	24,832,595
Jul 21, 2019	0.071943	0.076819	0.070315	0.072609	626,015	23,873,056
Jul 20, 2019	0.073518	0.074383	0.068876	0.071943	1,546,544	23,653,820
Jul 19, 2019	0.086036	0.086188	0.072232	0.073577	746,039	24,191,354
Jul 18, 2019	0.087345	0.089320	0.083306	0.086036	981,851	28,287,562
Jul 17, 2019	0.084250	0.092371	0.083351	0.087469	1,016,072	18,143,839
Jul 16, 2019	0.077985	0.085590	0.069851	0.084265	1,311,027	17,450,531
Jul 15, 2019	0.091492	0.091655	0.077917	0.078011	1,014,823	16,128,674
Jul 14, 2019	0.085100	0.093795	0.080808	0.091427	1,074,868	18,871,203
Jul 13, 2019	0.087534	0.091433	0.082515	0.085086	569,425	17,533,304
Jul 12, 2019	0.093727	0.095715	0.087369	0.087612	729,744	18,024,096
Jul 11, 2019	0.093272	0.095377	0.087859	0.093736	1,043,249	19,251,828
Jul 10, 2019	0.097618	0.100016	0.073823	0.093292	912,577	19,128,780
Jul 09, 2019	0.095026	0.105301	0.094891	0.097614	818,282	19,981,581
Jul 08, 2019	0.097915	0.098449	0.083237	0.094973	1,609,550	19,408,374
Jul 07, 2019	0.081824	0.097865	0.074179	0.097817	780,706	19,956,055
Jul 06, 2019	0.080419	0.084504	0.077826	0.081974	613,203	16,696,343
Jul 05, 2019	0.096764	0.096813	0.079004	0.080484	747,336	16,365,714
Jul 04, 2019	0.098339	0.102983	0.071359	0.096717	839,979	19,633,963
Jul 03, 2019	0.100980	0.105166	0.082274	0.098357	815,713	19,934,331
Jul 02, 2019	0.092876	0.102126	0.072946	0.100910	928,769	20,417,540
Jul 01, 2019	0.098376	0.101665	0.074170	0.092937	1,450,098	18,772,492
Jun 30, 2019	0.096652	0.103676	0.086376	0.098376	1,144,312	19,837,496
Jun 29, 2019	0.098312	0.099671	0.078996	0.096672	1,267,857	19,460,851
Jun 28, 2019	0.107786	0.116798	0.084849	0.098264	1,150,970	19,747,557
Jun 27, 2019	0.111833	0.113273	0.104054	0.107708	2,517,763	21,608,766
Jun 26, 2019	0.107557	0.111977	0.097169	0.111833	3,193,013	22,398,059
Jun 25, 2019	0.111293	0.111738	0.098910	0.107557	2,209,965	21,504,976
Jun 24, 2019	0.112020	0.115221	0.111078	0.111311	1,629,259	22,217,532
Jun 23, 2019	0.101184	0.112491	0.098980	0.112020	1,684,851	22,320,705
Jun 22, 2019	0.095245	0.101645	0.093650	0.101148	3,255,968	20,119,957
Jun 21, 2019	0.099114	0.099114	0.091742	0.095236	3,207,049	18,911,639
Jun 20, 2019	0.104471	0.104936	0.096489	0.099117	2,998,048	19,648,573
Jun 19, 2019	0.107649	0.108409	0.103229	0.104447	2,511,219	20,669,653
Jun 18, 2019	0.107906	0.108708	0.105541	0.107652	1,822,938	21,267,579
Jun 17, 2019	0.110538	0.113018	0.105100	0.107940	3,081,200	21,288,057
Jun 16, 2019	0.105525	0.111704	0.103634	0.110538	3,368,705	21,763,217
Jun 15, 2019	0.110943	0.116055	0.104302	0.105525	3,257,882	20,740,438
Jun 14, 2019	0.109777	0.111285	0.104045	0.110797	3,911,443	21,739,554
Jun 13, 2019	0.120951	0.122869	0.108083	0.109779	5,894,295	21,502,803
Jun 12, 2019	0.120734	0.121303	0.114271	0.120969	5,249,114	23,654,566
Jun 11, 2019	0.123176	0.124564	0.116526	0.120721	3,659,002	23,565,350
Jun 10, 2019	0.121490	0.127421	0.115227	0.123168	12,265,174	24,001,683
Jun 09, 2019	0.105804	0.123849	0.105804	0.121509	17,411,047	23,637,464
Jun 08, 2019	0.101922	0.110807	0.100413	0.105874	8,940,785	20,560,781
Jun 07, 2019	0.095507	0.103967	0.095267	0.101886	4,291,139	19,752,260
Jun 06, 2019	0.097085	0.099030	0.090789	0.095520	3,734,759	18,485,818
Jun 05, 2019	0.092058	0.102444	0.091909	0.097087	9,396,527	18,757,349
Jun 04, 2019	0.091946	0.098557	0.084218	0.092058	7,039,753	17,756,889
Jun 03, 2019	0.087524	0.097293	0.085787	0.091946	12,252,656	17,706,151
Jun 02, 2019	0.085587	0.088900	0.085275	0.087524	3,787,376	16,826,847
Jun 01, 2019	0.085365	0.087916	0.082972	0.085587	3,155,986	16,426,638
May 31, 2019	0.081287	0.087631	0.077778	0.085361	4,754,255	16,354,730
May 30, 2019	0.085006	0.090157	0.080438	0.081287	3,705,983	15,546,865
May 29, 2019	0.084957	0.088425	0.083066	0.085006	3,841,020	16,230,000
May 28, 2019	0.084016	0.085504	0.081212	0.084958	2,434,265	16,192,587
May 27, 2019	0.080799	0.085059	0.080663	0.083727	2,960,026	15,929,429
May 26, 2019	0.090244	0.091702	0.079484	0.080880	5,618,438	15,360,135
May 25, 2019	0.076866	0.094878	0.076736	0.090008	13,208,234	17,063,100
May 24, 2019	0.072303	0.084252	0.070899	0.076866	7,997,949	14,545,553
May 23, 2019	0.074551	0.075211	0.070788	0.072306	981,383	13,658,047
May 22, 2019	0.082682	0.084210	0.073619	0.074551	1,708,682	14,056,872
May 21, 2019	0.086825	0.086926	0.079879	0.082682	2,120,461	15,562,433
May 20, 2019	0.090517	0.091363	0.084045	0.086842	1,418,560	16,320,735
May 19, 2019	0.077046	0.090691	0.076211	0.090513	1,263,916	16,981,163
May 18, 2019	0.083640	0.084847	0.077189	0.077405	1,165,875	14,496,608
May 17, 2019	0.085164	0.087430	0.080040	0.083640	2,943,452	15,636,874
May 16, 2019	0.082678	0.088373	0.081755	0.085051	5,585,859	15,872,929
May 15, 2019	0.074294	0.083855	0.073976	0.082720	6,565,787	15,410,971
May 14, 2019	0.075314	0.087604	0.072098	0.074406	10,907,791	13,837,073
May 13, 2019	0.073057	0.075402	0.071201	0.075340	2,015,545	13,985,591
May 12, 2019	0.079261	0.079603	0.072868	0.073057	1,617,881	13,537,114
May 11, 2019	0.073146	0.080256	0.067597	0.079160	1,461,538	14,641,529
May 10, 2019	0.066048	0.074065	0.064250	0.073269	1,732,029	13,530,940
May 09, 2019	0.074975	0.075000	0.065270	0.066386	1,544,977	12,242,343
May 08, 2019	0.072767	0.078096	0.070152	0.074862	1,479,034	15,404,567
May 07, 2019	0.076401	0.078911	0.072814	0.072814	1,575,540	14,982,995
May 06, 2019	0.078520	0.078973	0.073946	0.076167	1,626,799	15,673,062
May 05, 2019	0.076412	0.083729	0.076412	0.078751	3,103,586	16,214,375
May 04, 2019	0.076516	0.078269	0.073394	0.076451	2,362,231	15,740,778
May 03, 2019	0.079966	0.080455	0.074090	0.076524	4,193,365	15,755,887
May 02, 2019	0.072219	0.087819	0.072074	0.080186	8,796,267	16,509,874
May 01, 2019	0.071781	0.078064	0.071656	0.072219	1,105,578	14,869,466
Apr 30, 2019	0.071097	0.074117	0.069290	0.072041	2,291,174	14,832,880
Apr 29, 2019	0.072536	0.073517	0.069663	0.071226	1,916,848	14,664,901
Apr 28, 2019	0.073171	0.074473	0.069674	0.072238	1,392,422	14,873,303
Apr 27, 2019	0.074339	0.078492	0.071760	0.073921	1,401,604	15,219,933
Apr 26, 2019	0.082780	0.082780	0.074030	0.074334	2,674,178	15,304,884
Apr 25, 2019	0.082022	0.087159	0.081454	0.082778	2,401,255	17,043,533
Apr 24, 2019	0.091555	0.092762	0.079420	0.081981	4,213,151	16,879,316
Apr 23, 2019	0.098493	0.098615	0.089053	0.091555	3,415,631	18,850,701
Apr 22, 2019	0.099871	0.100315	0.095644	0.098487	4,038,663	20,277,959
Apr 21, 2019	0.106066	0.106695	0.097503	0.100327	4,286,734	20,656,605
Apr 20, 2019	0.106813	0.108109	0.104959	0.106045	3,132,885	21,833,907
Apr 19, 2019	0.104290	0.109972	0.101876	0.106855	5,192,440	22,000,875
Apr 18, 2019	0.102268	0.104931	0.100105	0.104506	5,273,958	21,517,178
Apr 17, 2019	0.104282	0.104327	0.100175	0.102144	2,977,739	21,030,737
Apr 16, 2019	0.109771	0.114463	0.096852	0.104288	10,039,907	21,472,149
Apr 15, 2019	0.117861	0.117870	0.109094	0.109702	5,857,371	31,407,635
Apr 14, 2019	0.114803	0.120504	0.114788	0.117861	68,592,977	33,743,581
Apr 13, 2019	0.118144	0.119882	0.112904	0.114803	17,789,985	32,867,907
Apr 12, 2019	0.124706	0.125929	0.109916	0.118150	73,883,570	33,826,218
Apr 11, 2019	0.148616	0.189430	0.118906	0.124718	96,335,208	35,706,582
Apr 10, 2019	0.155657	0.157747	0.140126	0.148585	10,494,670	42,539,842
Apr 09, 2019	0.137802	0.158524	0.133251	0.155298	20,061,958	44,461,663
Apr 08, 2019	0.120105	0.138726	0.109327	0.137802	17,228,063	39,452,723
Apr 07, 2019	0.135734	0.140850	0.114682	0.120075	15,834,843	34,377,345
Apr 06, 2019	0.188146	0.188865	0.128737	0.135877	30,055,632	38,901,489
Apr 05, 2019	0.180590	0.198639	0.178115	0.188101	17,510,336	53,853,113
Apr 04, 2019	0.190942	0.191793	0.177124	0.180163	10,417,951	51,580,596
Apr 03, 2019	0.180975	0.214919	0.169185	0.191315	41,677,624	54,771,281
Apr 02, 2019	0.184137	0.196750	0.160484	0.180975	51,500,374	50,905,937
Apr 01, 2019	0.214603	0.226829	0.159314	0.183437	66,768,358	51,598,574
Mar 31, 2019	0.133162	0.223904	0.133162	0.212899	62,650,972	59,876,862
Mar 30, 2019	0.098470	0.133603	0.098203	0.133162	26,647,222	37,451,117
Mar 29, 2019	0.085423	0.119233	0.084152	0.098635	23,494,978	27,740,497
Mar 28, 2019	0.077977	0.086222	0.069306	0.085423	1,646,516	24,024,709
Mar 27, 2019	0.072521	0.079639	0.072521	0.078231	1,581,066	22,002,069
Mar 26, 2019	0.078147	0.079008	0.070211	0.073397	1,441,143	20,642,654
Mar 25, 2019	0.078039	0.081668	0.072926	0.078360	1,497,851	22,038,237
Mar 24, 2019	0.071570	0.078328	0.069663	0.077710	690,792	21,855,547
Mar 23, 2019	0.070133	0.074075	0.069667	0.071484	1,136,853	20,104,464
Mar 22, 2019	0.065818	0.070698	0.064691	0.070125	1,120,141	19,722,442
Mar 21, 2019	0.069329	0.069329	0.062439	0.065538	1,195,582	18,432,232
Mar 20, 2019	0.071645	0.071720	0.066935	0.068898	886,076	19,377,176
Mar 19, 2019	0.065751	0.071596	0.065635	0.071588	753,355	20,133,784
Mar 18, 2019	0.065885	0.068681	0.062172	0.065736	971,698	18,487,880
Mar 17, 2019	0.068900	0.068923	0.061567	0.065832	727,656	18,515,039
Mar 16, 2019	0.058795	0.069793	0.057799	0.069057	716,696	19,421,981
Mar 15, 2019	0.057685	0.062977	0.053537	0.058781	734,319	16,531,756
Mar 14, 2019	0.044470	0.057158	0.044181	0.057158	997,322	16,075,426
Mar 13, 2019	0.043360	0.046201	0.040193	0.044662	657,552	12,561,105
Mar 12, 2019	0.047483	0.047515	0.037924	0.043491	707,889	12,225,926
Mar 11, 2019	0.040517	0.048860	0.040230	0.047735	772,235	13,419,120
Mar 10, 2019	0.036940	0.041258	0.036030	0.039800	629,815	11,188,434
Mar 09, 2019	0.031283	0.037471	0.031283	0.036862	642,615	10,362,309
Mar 08, 2019	0.030590	0.033724	0.030010	0.031093	541,607	8,740,740
Mar 07, 2019	0.031175	0.032436	0.028039	0.030479	571,230	8,568,074
Mar 06, 2019	0.027365	0.031931	0.025438	0.031235	665,051	8,780,492
Mar 05, 2019	0.025401	0.028843	0.024197	0.027577	347,759	7,752,206
Mar 04, 2019	0.026484	0.027666	0.024139	0.025780	327,949	7,246,997
Mar 03, 2019	0.025661	0.027501	0.025329	0.026323	243,727	7,399,747
Mar 02, 2019	0.024452	0.025865	0.023692	0.025437	266,320	7,150,584
Mar 01, 2019	0.025080	0.025519	0.023923	0.024793	214,212	6,969,666
Feb 28, 2019	0.025497	0.027132	0.024557	0.025065	268,838	7,046,023
Feb 27, 2019	0.023498	0.026539	0.023250	0.025532	226,444	7,177,383
Feb 26, 2019	0.019702	0.023879	0.019661	0.023879	210,464	6,712,759
Feb 25, 2019	0.019674	0.020238	0.019311	0.019655	220,874	5,525,222
Feb 24, 2019	0.022382	0.023117	0.019827	0.019827	311,434	5,573,612
Feb 23, 2019	0.021451	0.022418	0.020131	0.022222	233,034	6,246,943
Feb 22, 2019	0.020606	0.021611	0.020487	0.021467	193,052	6,034,735
Feb 21, 2019	0.020124	0.022399	0.019613	0.020581	232,649	5,785,734
Feb 20, 2019	0.017733	0.020844	0.016818	0.019877	218,849	5,587,819
Feb 19, 2019	0.017615	0.019155	0.017190	0.017836	203,776	5,014,026
Feb 18, 2019	0.015759	0.018477	0.015544	0.017511	188,659	4,922,487
Feb 17, 2019	0.015458	0.017100	0.014718	0.015841	146,583	4,453,160
Feb 16, 2019	0.015184	0.016308	0.014068	0.015470	136,492	4,348,712
Feb 15, 2019	0.016516	0.016677	0.013709	0.015188	176,933	4,269,641
Feb 14, 2019	0.016269	0.016830	0.015797	0.016444	66,897.16	4,622,752
Feb 13, 2019	0.015730	0.016631	0.015309	0.016181	134,334	4,546,877
Feb 12, 2019	0.016350	0.016407	0.015590	0.015784	206,908	4,435,224
Feb 11, 2019	0.018064	0.018064	0.015806	0.016364	139,245	4,598,255
Feb 10, 2019	0.017497	0.018003	0.015689	0.018003	209,265	5,058,762
Feb 09, 2019	0.019023	0.019090	0.017458	0.017498	71,308.67	4,916,868
Feb 08, 2019	0.017277	0.020138	0.017241	0.019054	153,555	5,354,297
Feb 07, 2019	0.017308	0.017361	0.015400	0.017265	139,985	4,851,459
Feb 06, 2019	0.020773	0.021038	0.016693	0.017323	138,416	4,867,665
Feb 05, 2019	0.019547	0.020750	0.017935	0.020654	192,836	5,803,692
Feb 04, 2019	0.014737	0.019980	0.014709	0.019393	310,662	5,449,507
Feb 03, 2019	0.014905	0.014934	0.012836	0.014646	101,084	4,115,657
Feb 02, 2019	0.014516	0.015062	0.014310	0.014903	151,554	4,187,717
Feb 01, 2019	0.014119	0.014765	0.013589	0.014357	274,978	4,034,325
Jan 31, 2019	0.013637	0.014720	0.013626	0.014100	241,379	3,962,064
Jan 30, 2019	0.013311	0.014374	0.011899	0.013613	227,211	3,825,329
Jan 29, 2019	0.013728	0.013728	0.012148	0.013178	330,999	3,702,709
Jan 28, 2019	0.013941	0.014115	0.013088	0.013684	256,367	3,845,097
Jan 27, 2019	0.013243	0.014829	0.013153	0.013861	196,192	3,894,806
Jan 26, 2019	0.011312	0.017054	0.011223	0.013225	146,520	3,715,981
Jan 25, 2019	0.010601	0.012116	0.010477	0.011231	134,300	3,155,382
Jan 24, 2019	0.011046	0.011889	0.009605	0.010611	99,333.60	2,972,080
Jan 23, 2019	0.011788	0.011962	0.010784	0.011012	81,997.86	3,084,393
Jan 22, 2019	0.012343	0.012549	0.011270	0.011790	152,456	3,302,453
Jan 21, 2019	0.011405	0.013529	0.011282	0.012231	189,615	3,425,865
Jan 20, 2019	0.012286	0.013511	0.011283	0.011401	43,761.48	3,193,536
Jan 19, 2019	0.012043	0.012471	0.011220	0.012439	120,768	3,484,299
Jan 18, 2019	0.012826	0.012884	0.010865	0.012101	125,591	3,389,419
Jan 17, 2019	0.013219	0.013239	0.012638	0.012869	164,494	3,615,979
Jan 16, 2019	0.013412	0.013787	0.013208	0.013236	110,951	3,719,091
Jan 15, 2019	0.014889	0.014953	0.013266	0.013423	176,550	3,771,500
Jan 14, 2019	0.015078	0.015324	0.014345	0.014878	358,776	4,180,316
Jan 13, 2019	0.016279	0.016336	0.014920	0.015054	225,832	4,229,639
Jan 12, 2019	0.016828	0.018154	0.015983	0.016302	289,341	4,580,356
Jan 11, 2019	0.017340	0.017502	0.016597	0.016821	349,545	4,726,182
Jan 10, 2019	0.020458	0.020776	0.017099	0.017294	576,962	4,859,220
Jan 09, 2019	0.020209	0.020717	0.020170	0.020443	458,605	5,744,056
Jan 08, 2019	0.021538	0.021679	0.020147	0.020189	445,928	5,668,420
Jan 07, 2019	0.023027	0.023109	0.021385	0.021521	332,226	6,042,505
Jan 06, 2019	0.022492	0.023356	0.022185	0.023057	343,032	6,468,705
Jan 05, 2019	0.023243	0.024078	0.022492	0.022539	469,303	6,323,507
Jan 04, 2019	0.023244	0.023873	0.022681	0.023285	466,258	6,532,589
Jan 03, 2019	0.024014	0.024128	0.022650	0.022741	205,573	6,380,098
Jan 02, 2019	0.023050	0.024296	0.021957	0.024096	322,051	6,760,148
Jan 01, 2019	0.023144	0.023294	0.022383	0.022945	367,878	6,437,297
Dec 31, 2018	0.024694	0.024696	0.023029	0.023119	330,627	6,486,073
Dec 30, 2018	0.024264	0.024773	0.023811	0.024634	327,814	6,911,287
Dec 29, 2018	0.025454	0.025724	0.023798	0.024330	360,689	6,825,781
Dec 28, 2018	0.023321	0.025334	0.021923	0.025334	420,289	7,107,535
Dec 27, 2018	0.025074	0.025275	0.022177	0.023291	402,412	6,520,151
Dec 26, 2018	0.025396	0.026231	0.024124	0.025039	435,835	7,009,406
Dec 25, 2018	0.027518	0.027518	0.025150	0.025380	450,036	7,104,877
Dec 24, 2018	0.027009	0.031613	0.026673	0.027362	763,677	7,659,801
Dec 23, 2018	0.023329	0.027013	0.023329	0.027000	720,656	7,558,461
Dec 22, 2018	0.021874	0.023322	0.021754	0.023322	626,614	6,528,782
Dec 21, 2018	0.023564	0.023857	0.021700	0.021905	780,391	6,132,201
Dec 20, 2018	0.020884	0.023841	0.020778	0.023589	630,554	6,603,438
Dec 19, 2018	0.021120	0.022235	0.020799	0.020900	703,792	5,850,787
Dec 18, 2018	0.019730	0.021170	0.019420	0.021011	433,816	5,881,869
Dec 17, 2018	0.018312	0.019965	0.016673	0.019714	418,627	5,518,819
Dec 16, 2018	0.019003	0.019631	0.018506	0.018537	310,788	5,189,201
Dec 15, 2018	0.019492	0.019624	0.018677	0.019013	263,305	5,322,485
Dec 14, 2018	0.019962	0.020156	0.019348	0.019482	359,735	5,453,646
Dec 13, 2018	0.020925	0.021021	0.019762	0.019931	285,654	5,579,536
Dec 12, 2018	0.020702	0.021171	0.020470	0.020903	301,614	5,851,607
Dec 11, 2018	0.022046	0.022181	0.020535	0.020715	262,113	5,798,942
Dec 10, 2018	0.023638	0.023947	0.021876	0.022090	321,866	6,183,390
Dec 09, 2018	0.024086	0.025763	0.023666	0.023681	358,027	6,628,732
Dec 08, 2018	0.024581	0.025341	0.022946	0.024182	411,299	6,768,970
Dec 07, 2018	0.024268	0.025123	0.022053	0.024615	634,604	6,890,169
Dec 06, 2018	0.028184	0.028395	0.024299	0.024299	530,080	6,801,719
Dec 05, 2018	0.031892	0.032004	0.028198	0.028198	498,318	7,893,160
Dec 04, 2018	0.031063	0.033015	0.030958	0.031841	506,143	8,912,835
Dec 03, 2018	0.037164	0.037384	0.031038	0.031100	561,184	8,705,618
Dec 02, 2018	0.034466	0.040946	0.034466	0.037239	552,046	10,423,722
Dec 01, 2018	0.030890	0.034860	0.030445	0.034634	529,197	9,694,707
Nov 30, 2018	0.026444	0.031808	0.025485	0.030632	503,622	8,574,298
Nov 29, 2018	0.027622	0.028125	0.025841	0.026391	406,500	7,387,233
Nov 28, 2018	0.024703	0.028277	0.024703	0.027580	459,957	7,720,039
Nov 27, 2018	0.024467	0.025035	0.023383	0.024664	388,368	6,903,943
Nov 26, 2018	0.026243	0.026786	0.023977	0.024510	394,594	6,860,696
Nov 25, 2018	0.027466	0.027509	0.023921	0.026303	674,532	7,362,670
Nov 24, 2018	0.029015	0.029987	0.026837	0.027534	646,427	7,707,107
Nov 23, 2018	0.028559	0.029842	0.027907	0.029037	786,285	8,127,905
Nov 22, 2018	0.030460	0.030588	0.028768	0.028768	740,562	8,052,496
Nov 21, 2018	0.030854	0.030895	0.028753	0.030497	893,868	8,536,347
Nov 20, 2018	0.037117	0.037653	0.030325	0.030676	2,306,620	8,586,535
Nov 19, 2018	0.052005	0.052024	0.036950	0.037259	6,781,350	10,429,136
Nov 18, 2018	0.052274	0.052693	0.051296	0.051955	1,785,130	14,542,910
Nov 17, 2018	0.053390	0.053529	0.052059	0.052288	1,633,340	14,636,065
Nov 16, 2018	0.058427	0.058733	0.052944	0.053418	1,633,840	14,952,169
Nov 15, 2018	0.058617	0.059130	0.053963	0.058289	4,856,700	16,315,785
Nov 14, 2018	0.068411	0.068874	0.056451	0.058444	1,777,100	16,359,227
Nov 13, 2018	0.073192	0.073356	0.068410	0.068459	1,741,950	19,162,456
Nov 12, 2018	0.073830	0.074429	0.072833	0.073115	2,099,280	20,465,668
Nov 11, 2018	0.068574	0.074354	0.068243	0.073956	1,591,880	20,701,157
Nov 10, 2018	0.068825	0.070713	0.068452	0.068668	1,772,210	19,220,986
Nov 09, 2018	0.073738	0.074092	0.067418	0.068916	2,143,290	19,290,264
Nov 08, 2018	0.072074	0.074646	0.071443	0.073547	2,086,550	20,586,562
Nov 07, 2018	0.072675	0.073786	0.071665	0.071953	2,084,440	20,140,551
Nov 06, 2018	0.069856	0.072543	0.069468	0.072452	2,049,380	20,283,866
Nov 05, 2018	0.078868	0.078958	0.068943	0.069919	1,688,420	19,571,071
Nov 04, 2018	0.075430	0.078895	0.072934	0.078895	2,276,450	22,083,556
Nov 03, 2018	0.067787	0.075627	0.067734	0.074931	2,174,700	20,973,931
Nov 02, 2018	0.077141	0.077575	0.067487	0.067790	2,146,680	18,975,252
Nov 01, 2018	0.068532	0.078312	0.059466	0.077146	2,803,960	21,594,047
Oct 31, 2018	0.069607	0.069638	0.068032	0.068508	1,853,230	19,176,116
Oct 30, 2018	0.072350	0.072720	0.068756	0.069460	1,645,430	19,442,564
Oct 29, 2018	0.076717	0.076948	0.071708	0.072395	1,720,280	20,261,402
Oct 28, 2018	0.078396	0.079083	0.075990	0.076638	2,173,630	21,448,847
Oct 27, 2018	0.077749	0.078644	0.077664	0.078288	3,630,080	21,910,609
Oct 26, 2018	0.080311	0.080550	0.070200	0.077787	2,182,460	21,770,449
Oct 25, 2018	0.083272	0.083464	0.080252	0.080399	2,714,600	22,501,449
Oct 24, 2018	0.077556	0.083653	0.077315	0.083331	2,415,220	23,321,617
Oct 23, 2018	0.074860	0.078977	0.074750	0.077803	1,859,400	21,306,608
Oct 22, 2018	0.066343	0.076714	0.066021	0.074868	1,416,140	20,502,821
Oct 21, 2018	0.072894	0.073636	0.065370	0.066303	1,171,860	18,157,377
Oct 20, 2018	0.075174	0.075848	0.071839	0.072849	1,314,870	19,949,993
Oct 19, 2018	0.077221	0.078891	0.074867	0.074867	1,203,550	20,502,684
Oct 18, 2018	0.070443	0.077399	0.069923	0.077188	1,296,660	21,138,215
Oct 17, 2018	0.071047	0.071274	0.069499	0.070611	1,880,680	19,337,110
Oct 16, 2018	0.063560	0.072851	0.060361	0.070949	1,946,680	19,429,645
Oct 15, 2018	0.058464	0.066473	0.058126	0.063479	1,752,530	17,383,988
Oct 14, 2018	0.058325	0.059714	0.058187	0.058327	1,836,790	15,960,163
Oct 13, 2018	0.057870	0.060170	0.057236	0.058260	1,773,300	15,941,993
Oct 12, 2018	0.055642	0.058330	0.055494	0.057905	1,744,840	15,921,813
Oct 11, 2018	0.063132	0.063613	0.054486	0.055682	1,715,270	15,310,562
Oct 10, 2018	0.061331	0.063236	0.060400	0.063220	1,864,560	17,383,317
Oct 09, 2018	0.060832	0.063055	0.060522	0.061312	2,034,020	16,858,653
Oct 08, 2018	0.056094	0.061048	0.055292	0.060980	2,556,900	16,767,446
Oct 07, 2018	0.053347	0.057477	0.053347	0.056184	1,511,440	15,448,788
Oct 06, 2018	0.050511	0.053685	0.050511	0.053515	1,718,750	14,714,847
Oct 05, 2018	0.048043	0.050676	0.047731	0.050574	1,558,910	13,906,032
Oct 04, 2018	0.048710	0.050050	0.047831	0.048149	1,519,870	13,239,458
Oct 03, 2018	0.050040	0.050059	0.048012	0.048674	1,471,120	13,383,733
Oct 02, 2018	0.055025	0.055189	0.050011	0.050151	1,655,060	13,789,886
Oct 01, 2018	0.056558	0.057631	0.053685	0.055159	1,586,970	15,166,837
Sep 30, 2018	0.061042	0.061519	0.054974	0.056310	1,302,490	15,483,351
Sep 29, 2018	0.064081	0.064081	0.059264	0.061028	1,726,230	16,780,782
Sep 28, 2018	0.059216	0.066564	0.059216	0.064187	1,832,510	14,465,916
Sep 27, 2018	0.056733	0.059770	0.055662	0.059230	1,959,840	13,348,681
Sep 26, 2018	0.056805	0.058157	0.054801	0.056795	1,979,480	12,799,923
Sep 25, 2018	0.059741	0.059741	0.052738	0.056719	1,743,320	12,782,840
Sep 24, 2018	0.063944	0.064013	0.059109	0.059716	2,127,060	13,458,347
Sep 23, 2018	0.063861	0.065040	0.062401	0.063866	2,227,850	14,393,549
Sep 22, 2018	0.064992	0.065935	0.062661	0.063832	1,783,270	14,386,022
Sep 21, 2018	0.056163	0.065634	0.055332	0.064792	2,049,740	14,602,176
Sep 20, 2018	0.052351	0.056125	0.051125	0.056125	1,704,290	12,649,037
Sep 19, 2018	0.051686	0.053393	0.050583	0.052412	1,606,540	11,812,164
Sep 18, 2018	0.050053	0.052280	0.048803	0.051704	1,700,380	11,652,645
Sep 17, 2018	0.053231	0.054319	0.049583	0.050047	1,614,630	11,279,159
Sep 16, 2018	0.050384	0.053221	0.049088	0.053143	1,773,870	11,976,910
Sep 15, 2018	0.046317	0.051039	0.045953	0.050361	1,720,450	11,349,903
Sep 14, 2018	0.044823	0.047500	0.043867	0.046468	1,532,860	10,472,621
Sep 13, 2018	0.039351	0.045319	0.039309	0.044986	1,447,520	10,138,485
Sep 12, 2018	0.039311	0.039450	0.037222	0.039357	1,272,980	8,869,890
Sep 11, 2018	0.041080	0.041726	0.038360	0.039265	1,201,590	8,849,133
Sep 10, 2018	0.041053	0.041787	0.040141	0.041097	1,466,380	9,262,014
Sep 09, 2018	0.040006	0.043045	0.038530	0.040999	1,859,860	9,239,928
Sep 08, 2018	0.041454	0.042699	0.038659	0.040095	1,870,680	9,036,372
Sep 07, 2018	0.045067	0.045505	0.041453	0.041496	1,391,160	9,351,983
Sep 06, 2018	0.044360	0.045124	0.038806	0.045002	1,413,070	10,142,181
Sep 05, 2018	0.049186	0.052094	0.044581	0.044581	1,295,540	10,047,209
Sep 04, 2018	0.045199	0.049250	0.044781	0.049250	1,290,960	11,099,515
Sep 03, 2018	0.045803	0.046054	0.044805	0.045156	1,306,900	10,176,437
Sep 02, 2018	0.046038	0.046823	0.045398	0.045721	1,550,200	10,303,766
Sep 01, 2018	0.044812	0.046954	0.044616	0.046152	1,650,970	10,400,710
Aug 31, 2018	0.048018	0.048160	0.044731	0.044830	1,222,210	10,102,700
Aug 30, 2018	0.039415	0.051878	0.038720	0.048040	1,254,570	10,826,115
Aug 29, 2018	0.047212	0.047212	0.039330	0.039364	781,228	8,870,905
Aug 28, 2018	0.047069	0.047446	0.046147	0.047139	685,667	10,603,753
Aug 27, 2018	0.045934	0.047379	0.044898	0.046917	629,652	10,553,860
Aug 26, 2018	0.046993	0.047081	0.044856	0.045966	656,267	8,119,187
Aug 25, 2018	0.047358	0.047884	0.045706	0.046992	628,161	8,300,414
Aug 24, 2018	0.046834	0.048674	0.045900	0.047328	668,763	8,359,852
Aug 23, 2018	0.047016	0.049008	0.046696	0.046740	803,834	8,255,832
Aug 22, 2018	0.046153	0.049749	0.045046	0.046758	1,184,210	8,178,890
Aug 21, 2018	0.049227	0.050373	0.046230	0.046382	1,195,830	8,113,120
Aug 20, 2018	0.053225	0.055755	0.049136	0.049434	761,411	8,647,101
Aug 19, 2018	0.053789	0.054614	0.052173	0.053249	947,235	9,314,371
Aug 18, 2018	0.057185	0.059025	0.052471	0.053779	1,955,570	9,407,009
Aug 17, 2018	0.051648	0.057512	0.048862	0.057494	6,170,050	10,056,804
Aug 16, 2018	0.052317	0.055757	0.051048	0.051554	4,625,410	9,017,775
Aug 15, 2018	0.052536	0.056097	0.051717	0.052321	816,095	0
Aug 14, 2018	0.049860	0.052518	0.049860	0.052010	700,206	0
